8781161
6018767
6741420
1710735
6726121
1508377
1445238
534178
1847863
2920447
939603
6466132
907732
8927068
1122473
6093716
5673088
1944780
3355268
5807998
1323700
2971241
5756612
4419607
1353406
3975109
1028615
7481170
6072985
3954582
5654413
6256019
9448660
7169987
7835253
3852761
8554651
4979009
7459452
1437483
6229158
5634677
8234289
4096688
7780234
7645207
6892149
5363015
4893991
9450235
4516074
6831130
5201383
4448167
8421935
5646627
6794573
3587169
867672
3098198
8487775
8284078
1624419
1359167
624443
9930724
9991130
1708519
9158768
8435784
1677647
8785535
1348094
726487
1493547
6073952
706934
1937067
4896607
1908519
798099
2897269
3983686
7182002
6270539
6845364
3839723
6410447
4324934
8713416
6362344
7468775
633708
2769717
6773595
2480449
4443220
5823992
5447751
4431976
3929772
962648
8736197
8917016
1558275
9388675
1779387
2016086
6918857
3669787
6659092
3304596
7493625
3904286
2903621
6036526
1881532
5665815
4274557
3731537
9538183
2290281
5555209
5684020
2657370
6129254
5661622
2720506
5006166
3743026
3048764
8154104
1252045
8448701
7803878
2857598
7329090
9667145
1937445
785134
634219
2311430
606946
7369663
3518150
9933307
3568093
3262272
8245527
9762441
7973324
8900801
4565120
5889197
7380031
9667196
2433313
6077119
3060175
8266330
4760449
829554
7815995
3033447
2527904
2233243
3479007
2129676
8269442
1692195
9119133
2303224
7811494
4416721
5861904
7155315
9690279
1930954
2060237
4900704
9624256
890916
4501182
2907328
5439088
9625069
3783064
4867103
1675108
5609780
3257656
9473712
6131031
7700224
8986300
3655788
3264991
8737897
3108619
4783972
3409896
930503
8365971
8649487
8485481
6127215
2938439
4377783
7647550
2694509
3912470
8218444
807817
1344797
7551917
1802606
4127303
9045046
8773203
2163352
9516446
3706461
1314225
2904041
9210727
5497430
2001669
9890928
6894656
5755506
5014032
6471052
5696629
4205608
1457110
9625047
9722776
1873909
1383373
2062078
3362287
6589875
4047443
9257280
3443669
4170524
5650094
6313984
2339277
8079909
1667958
3068996
2945038
7698836
5979032
8489165
2213396
4290084
2997806
2039135
4564488
9195697
3093570
8082083
1880970
9533880
798460
5719659
754024
4513939
3716716
9487709
4979234
9824297
6517306
691762
7036203
2300589
7711519
5436456
3521457
8450624
3117600
9622195
4574329
8937343
3510998
8973140
1937922
7849500
2003322
4058741
6227431
9145006
8888750
1465466
2525958
5314373
5309498
9674477
9633399
4133708
8459427
8837299
6703333
7905808
5265976
1700298
1139250
4212923
4145235
3550307
5252820
9124189
8633507
1857973
7304298
5344384
1727277
525242
9703449
9279359
9571374
8484596
981076
1307998
6915824
1631341
3330715
8166069
6899988
8489513
828212
4416739
8003202
8795503
4461359
8668642
9047936
9097441
9233627
8009726
2662945
4516369
5495948
9739401
8782749
9744427
8693414
9081156
905539
6987105
3542784
4438459
3960607
4160662
2719668
1099710
7612350
9459214
9181270
874337
1623174
4631672
3705595
7455116
9596467
7619383
9765697
9534652
9864898
5647284
3474672
907283
6747318
2817377
7851368
6352686
4111235
2637603
1537657
4666668
3780677
691949
4106814
5564274
3813536
8398226
5657846
9851330
4243903
4514148
8471346
5698297
2382559
2136245
9865448
6068077
4923422
5348197
8801958
7824379
1885243
6546911
5836358
3645655
9784561
6277944
5177427
5214407
6033208
2972111
9971358
5691099
9874845
9111472
5031820
9038020
6313458
4647063
4447304
6045355
6996483
6747480
3183337
8255826
3239404
1109075
2888342
1195872
2051499
6738654
8187551
8542521
4789506
7128086
6926035
1202100
3490816
4238151
4488301
2366644
7567213
1844000
662717
9274928
8895853
6033488
1792985
3104862
2050782
2388104
787986
5201497
5340884
6704447
4577326
9489641
8428418
1492167
4054963
7446966
2796981
3435779
1243856
6396340
9947688
3275141
1795439
5128159
704664
547548
3979423
2392062
1102183
1160602
2641555
1174727
3462023
3886234
9251234
2828781
720301
4801491
5490435
4733652
9664104
5633387
4021939
4195272
3957000
5924812
2062224
2484590
9195014
5767934
1419787
6034845
2738172
1442494
3978156
5414790
5073201
1413090
5994773
9917857
1446770
6028205
5369024
6500749
4646189
6848159
6393948
7864673
2293953
9166725
4134570
775302
8144781
756627
8491998
4985694
7626540
6159500
680329
9563866
3478918
7483290
9490025
6082501
8972157
9616337
8837155
3872261
4191084
8858630
7215326
5016410
8725950
7599519
5855985
7553762
8342923
1687355
2991552
5998467
9699366
7094220
4129084
1136997
5748669
4220570
1111458
7947012
5670235
7384263
4716743
1861168
3765291
7704886
928021
3626932
3891792
3413849
5628447
7051321
9131729
4637837
7559365
7387787
4449004
5432749
717678
8213813
596824
6733880
7827206
3239881
3561003
8725859
5042018
8068528
6745008
5489206
9097695
6524260
2713057
4175323
6299883
4549629
817507
9134676
1186838
1566379
696195
4382519
2817572
7326095
5550086
9532531
8871638
4004330
1912147
2704299
8547177
3537725
3781396
9200094
548138
2126020
5415386
3716860
6858470
7678819
2909224
2380750
9410099
3078691
9176215
3483930
8635825
3680732
4641277
8051831
1168734
3607617
6534079
712353
2571965
1882310
4610713
7588366
8001244
6741111
9729054
9474317
6583482
3906229
4440274
855003
1684717
7807051
6677955
9189447
2458360
2833057
2278179
2915511
4167617
1740122
7696309
4836957
1056744
1255046
2916552
6657340
1081152
4842567
3089327
6910728
1611055
3877596
9845544
6889394
6883650
3355210
4693496
9434481
6926094
4843557
8831328
5715475
2312323
1490428
1426464
8152329
4092840
3463716
3638458
6951554
7234530
6517105
6673808
3249908
537725
7160891
9649217
6483988
2730770
8772987
7453861
6227318
3705148
5583981
581002
6135799
7760522
9673672
1880391
4897124
7535180
2913741
9522754
8178461
3828444
8686652
9055919
8455060
4848676
9897332
8191492
2854442
9526820
8753745
1018266
1508055
7380401
5212731
6399983
2640649
6434155
8915844
6780207
4709599
9835260
3647051
7745469
6391707
8512791
5462834
4050065
665274
3936959
4698939
9702792
3705391
6071551
3998778
8849433
1391685
7388611
1100988
6969391
8393906
3288474
1457996
7665171
5542511
8454150
8524414
4962132
7419598
620955
8960474
4259613
4959813
6680567
6681706
981711
1296242
7406980
6890688
599353
5451494
3990108
5654758
5171847
4854048
2364637
7449814
7886551
5663670
7541891
644314
9150552
5219982
6568539
7315880
4528185
6124588
2285844
9220901
1414759
5370565
5928007
1103522
976633
7501497
7277727
8627412
7960340
978225
4208157
2917958
8837560
2626098
1237684
3023275
6659058
9694223
1633339
1032046
3878387
7717566
9940682
6262871
3215458
3558314
3639070
2568019
9627522
2616664
8855898
2521657
9112341
2179473
7717810
9848471
7091953
5433349
9890989
1471941
8881646
5282172
6636010
6411635
3351889
5491172
3417851
2856839
7737240
709588
8843271
5969034
4043687
8563805
5422862
7439510
4428912
8383291
1908826
5462563
4596879
9333368
8479075
9963608
2673529
8574005
6615223
4407816
3708305
1038394
6182998
9757916
6800571
2537944
636345
697915
7812037
2021818
7504264
9735778
9693660
9180151
2669834
657766
6631830
1100066
8760704
6784209
4982326
972972
9313375
5830427
4032553
3289891
2786158
2735697
9645704
5365402
9264278
5500945
5656495
9200803
551699
6801693
4609320
8311442
7559857
1383017
7904708
2537407
7800309
4698587
6363510
7302333
4279406
709989
9021764
2479473
8645070
1997526
8667337
6533624
6060584
3041629
5027723
9564433
9500497
2679390
5513192
5464777
7588750
7762874
4033394
7710205
3854920
8388510
1535370
2773512
7993619
1173760
5529034
3188466
4691650
6505169
3623301
3779521
4503632
1338018
8057634
3731450
8618539
6891500
9019151
2098725
5900307
8782517
5590147
5263760
4872973
4686632
2314086
7890153
5063914
6267723
2204514
5080094
8599202
8061809
2356226
4654900
3717041
6090696
8164042
5215372
5850760
8819154
4052808
8589215
7193717
5939414
5125086
9396003
8316748
1802460
7820346
9907619
9501644
7193109
7062206
1223421
1131220
2047558
8011800
9554566
3498175
5502524
5925206
5783561
8237783
9973362
3286731
7209217
6748343
8839115
5266622
4655259
1100257
4767227
6079584
3037462
7368035
6475971
4524675
6714149
4471378
7982830
2748631
4740450