8781161
6018767
6741420
1710735
6726121
1508377
1445238
534178
1847863
2920447
939603
6466132
907732
8927068
1122473
6093716
5673088
1944780
3355268
5807998
1323700
2971241
5756612
4419607
1353406
3975109
1028615
7481170
6072985
3954582
5654413
6256019
9448660
7169987
7835253
3852761
8554651
4979009
7459452
1437483
6229158
5634677
8234289
4096688
7780234
7645207
6892149
5363015
4893991
9450235
4516074
6831130
5201383
4448167
8421935
5646627
6794573
3587169
867672
3098198
8487775
8284078
1624419
1359167
624443
9930724
9991130
1708519
9158768
8435784
1677647
8785535
1348094
3098198
8487775
8284078
1624419
1359167
624443
9930724
9991130
1708519
9158768
8435784
1677647
8785535
1348094
3098198
8487775
8284078
1624419
1359167
624443
9930724
9991130
1708519
9158768
8435784
1677647
8785535